City,Cloudiness,Country,Date,Humidity,Lat,Lng,Max Temp,Wind Speed
saskylakh,68,ru,1513643684,66,80.00172806606695,121.37839984612096,-14.84,7.07
bulgan,0,mn,1513643685,65,47.78385272654857,103.06097002285877,17.21,11.27
bandarbeyla,36,so,1513643685,100,7.228766808648758,59.22908232064251,76.56,26.6
beringovskiy,24,ru,1513643686,89,60.30646786237851,177.72714126009305,30.57,14.9
borogontsy,24,ru,1513643686,0,63.06096479727546,130.44987929722762,-46.29,2.89
baldeogarh,76,in,1513643687,60,24.61578191475291,79.08923127120707,50.01,2.82
mirnyy,56,ru,1513643687,64,64.2454689732346,113.71004515694871,-14.61,5.73
butaritari,12,ki,1513643688,100,10.254107257795974,177.34609336524062,81.78,13.18
vardo,20,no,1513641000,92,75.28800021145018,34.124977385598925,26.6,16.11
simao,100,cn,1513643689,100,22.47627484904014,101.8452664440738,48.89,2.48
ayan,32,ru,1513643689,100,58.315099119398475,139.51945875719153,-23.7,11.05
sovetskiy,56,ru,1513643690,78,72.16460349812462,67.3572445742275,23.19,7.02
ludwigslust,68,de,1513643691,82,53.33233025143805,11.588978119460403,28.32,5.39
tura,80,ru,1513643691,74,65.76358112194406,100.88440435048561,-7.41,2.37
ostersund,32,se,1513642800,92,62.6251877774217,15.566708329687263,30.2,8.05
kavaratti,0,in,1513643693,100,11.576633086257695,63.5859085481116,81.87,8.86
nishihara,90,jp,1513641600,82,23.343635656734186,131.84704088275794,62.6,5.82
gilgit,92,pk,1513643694,92,36.11983637972137,74.1200254422533,19.32,0.31
oktyabrskiy,24,ru,1513643694,84,51.85787075981368,153.78763556828227,0.47,6.91
balassagyarmat,75,hu,1513641600,92,47.98371095326095,19.37246312783927,10.4,2.89
khatanga,80,ru,1513643696,82,85.62721548972095,95.07558297377777,11.49,3.04
gigmoto,100,ph,1513643697,100,14.825596385042001,126.60741848981537,78.86,6.8
mosjoen,92,no,1513642800,75,65.64623552284326,13.134071494398853,41.0,11.41
guliston,32,uz,1513643698,76,40.4979531950657,68.77648910054437,26.88,3.89
aykhal,48,ru,1513643698,37,67.79539533680858,106.8386160702436,-25.68,3.33
ati,0,td,1513643699,48,13.29946722642839,17.402375718082702,61.8,3.04
floro,92,no,1513642800,93,62.58160967984437,2.083049522544882,39.2,13.87
bilma,0,ne,1513643700,64,17.75622799381724,15.303213096452318,54.78,2.71
yumen,0,cn,1513643700,53,40.04635539808777,95.95864187186862,7.08,7.14
fukue,80,jp,1513643701,100,31.256087956966027,126.03191124355777,55.14,19.55
cimislia,75,md,1513641600,83,46.757092518283656,28.646849308959617,32.0,13.87
sinop,92,tr,1513643702,100,43.30232425442887,35.671046309590395,43.53,1.59
shebalino,0,ru,1513643702,27,51.24260734314545,85.70894471515852,-21.09,2.21
dzhebariki-khaya,32,ru,1513643702,0,62.66458274550194,137.50211852450389,-52.32,2.71
aldan,56,ru,1513643703,72,58.63990236468365,125.08639081028751,-17.54,4.61
teya,48,ru,1513643703,66,64.1120288485599,91.62898068428544,14.28,9.04
salalah,0,om,1513641000,28,19.574271174016417,53.125027831721276,69.8,12.75
mehamn,88,no,1513643667,94,80.31248781499237,29.568759387048665,28.41,4.83
isheyevka,76,ru,1513641600,66,54.50543222515812,48.22528653339865,12.2,6.71
pyshchug,92,ru,1513643705,94,58.705312252721036,45.71455528101589,27.92,3.6
chokurdakh,80,ru,1513643706,65,84.58141649535646,154.015826790399,-14.39,4.83
mombetsu,20,jp,1513641600,68,44.71991066786947,142.9808959724771,24.8,10.29
thinadhoo,92,mv,1513643707,100,0.4244869934768847,65.92575709856658,81.29,12.55
ulaangom,0,mn,1513643708,19,47.90023559495508,92.37680293679841,-15.92,2.59
kamariotissa,40,gr,1513641000,87,40.33206021345536,25.822271595027967,46.4,11.41
banda aceh,32,id,1513643709,98,2.1586134114962165,90.11655408600446,74.94,4.5
gwadar,80,pk,1513643709,100,22.247138372803825,63.091133986656864,61.22,4.83
bardiyah,56,ly,1513643710,100,29.777099079763705,24.447477660581814,61.71,5.06
jizan,20,sa,1513641600,78,16.764389292518832,42.24700103342767,75.2,4.7
pevek,20,ru,1513643711,82,76.00084298916353,171.4433249322611,5.46,16.8
kavieng,68,pg,1513643711,100,13.483852562302417,151.72423300125945,84.75,12.95
kathu,20,th,1513639800,64,8.838069860537841,96.56409881554964,75.2,10.29
dobryanka,0,ru,1513641600,48,58.7582661267254,56.47700493052392,19.4,4.47
namatanai,56,pg,1513643713,95,5.217880307543735,159.58649290976896,85.02,14.63
ewo,92,cg,1513643713,97,0.16742470093909168,14.604762976097692,68.82,1.99
yinchuan,0,cn,1513643714,54,37.71037372105897,106.8746691581009,-7.37,3.22
osypenko,88,ua,1513643715,100,46.54972153991723,36.5127993262249,35.52,10.54
ugoofaaru,0,mv,1513643715,100,5.5404584970711825,69.91182408268209,82.64,14.56
kandi,0,bj,1513643716,51,10.836282082802642,2.7911739638663913,68.69,3.38
najran,0,sa,1513641600,39,16.80780853399415,43.52811964006842,44.6,2.37
uni,76,ru,1513643717,79,58.105385493019476,51.65289081854754,15.9,6.91
talnakh,80,ru,1513643717,89,75.87083241341043,92.69354536208893,16.71,16.31
urusha,0,ru,1513643718,31,54.01529750512818,122.75011782323334,-22.49,3.33
feuchtwangen,90,de,1513642800,92,49.21091271255441,10.398590502147174,30.2,4.7
hasaki,20,jp,1513641600,56,34.66761244327129,150.45868058384926,41.0,3.36
kabanjahe,75,id,1513639800,94,3.1140349222008776,98.85409989966799,73.4,5.82
novopavlovka,76,ru,1513643719,76,50.64110722881586,109.37960277681276,14.24,7.14
birao,8,cf,1513643720,55,9.750822079625648,21.856613450011388,64.32,4.9
aqtobe,0,kz,1513641600,83,49.89920844771136,56.94556358797976,-7.61,2.24
donskoye,20,ru,1513641600,100,56.14353287444896,19.101324935103758,35.6,8.95
kapchorwa,0,ug,1513643721,88,1.1856357848704002,34.74565274451472,55.68,1.36
tezu,0,in,1513643722,69,29.107890950838513,98.85879846084912,47.04,1.54
narovchat,92,ru,1513643722,92,53.92638114195211,43.63984937979288,24.99,15.3
dicabisagan,92,ph,1513643723,100,16.89519323127663,123.68179111649323,73.19,6.8
roros,76,no,1513642800,92,62.779233100844685,12.635851510243397,15.8,4.7
kloulklubed,90,pw,1513641060,94,4.223021381333032,133.11799843458337,77.0,6.93
lorengau,92,pg,1513643725,96,0.3376449214070676,145.93822970622892,85.11,17.31
chudniv,88,ua,1513643725,89,50.177126240766,28.164194952795484,26.21,21.72
dabat,0,et,1513643726,63,13.86023525197976,37.53650847370658,46.32,3.27
kidal,0,ml,1513643726,31,17.528172234736136,1.5588524515164304,63.33,11.83
khor,0,ru,1513643727,70,48.03680991289943,134.6280283376802,-15.78,9.31
tanout,0,ne,1513643727,53,15.494853805384729,9.744004404970015,54.69,3.04
eydhafushi,0,mv,1513643728,100,4.5058286596581585,72.54971737183884,82.64,14.56
kholodnyy,20,ru,1513643728,0,61.751859261048374,148.12227306420183,-47.37,2.55
taraz,0,kz,1513641600,92,42.60575865518552,71.67761010921677,30.2,6.71
cherskiy,36,ru,1513643729,78,65.11982439573696,162.6974058848873,-18.17,1.1
umm kaddadah,0,sd,1513643730,58,13.1853833221739,25.872839819480106,56.04,5.57
dikson,76,ru,1513643731,97,84.78585571469915,73.80563027232878,18.69,15.08
tiksi,12,ru,1513643731,0,74.2302037143509,123.64822264246483,-40.71,3.04
bago,36,mm,1513639800,88,17.290283272743743,96.18888939364338,68.0,4.7
seoul,0,kr,1513641600,49,35.99626049976961,127.49303863027745,26.6,10.29
norrtalje,90,se,1513642800,93,59.14173138418126,19.07857868278923,33.8,6.93
uray,76,ru,1513643733,87,60.1058957210692,63.98338585900369,24.0,6.91
abadan,0,ir,1513641600,61,30.37483299012963,48.42603608482745,50.0,2.24
atraulia,32,in,1513643734,90,26.39353203442494,82.99001360406855,51.45,2.82
jiangyou,0,cn,1513643735,78,32.3089084334656,103.90662834518248,17.7,2.77
pushkino,32,az,1513643736,85,39.449159535902474,48.52137318526346,35.52,2.33
kieta,20,pg,1513643736,88,0.5120090118702569,160.59268069977907,86.37,9.82
palauig,56,ph,1513643737,92,14.778912098968863,117.44432258739327,78.99,4.61
tessalit,0,ml,1513643738,51,21.05768192608586,0.058758920546306825,56.22,11.1
severnyy,75,ru,1513641600,86,69.99053073642474,64.58498315337731,33.8,13.42
mersing,100,my,1513643739,81,3.3888568209293304,105.72148224845142,80.39,13.67
kologriv,92,ru,1513643740,94,59.10892031009038,44.15666486422808,27.96,3.89
wuda,0,cn,1513643740,73,38.77239320473566,107.67297372348925,7.8,9.08
paralimni,20,cy,1513643400,93,34.40493050714948,34.413746943188265,60.8,6.93
heihe,0,cn,1513641600,57,49.61035837855193,127.29503289405352,-11.21,4.47
riyadh,0,sa,1513641600,61,22.672788397470395,44.95750697356884,48.2,2.24
arlit,0,ne,1513643743,50,18.968716484276662,6.951597689067532,55.95,3.0
yangambi,48,cd,1513643743,100,1.342182809165764,24.409468761529748,72.06,2.59
bosobolo,24,cd,1513643744,81,3.843236341511058,19.423743708257742,69.0,2.59
nyurba,76,ru,1513643744,65,66.7650748276534,118.43922207119951,-22.4,3.6
sistranda,75,no,1513641000,80,66.52922704001891,8.67667317369611,41.0,8.05
rastede,75,de,1513642800,93,53.2245329973914,8.222068935229691,37.4,4.7
sur,80,om,1513643746,100,16.812488213021428,60.838883128807524,65.85,10.04
ranot,32,th,1513643746,83,8.238591165631089,101.34141013340395,75.57,11.1
banting,75,my,1513641600,78,2.737961966807786,101.00491212607356,77.0,3.83
mailsi,0,pk,1513643748,81,29.383023857637593,72.19163242631657,46.64,2.82
vigrestad,75,no,1513641000,93,56.14724688936697,3.6722521900958416,35.6,8.05
yerbogachen,80,ru,1513643749,82,61.16132501542323,107.79634123658637,-2.24,4.83
sabang,92,id,1513643749,100,8.916794418509932,94.51657401205152,79.35,20.04
bauchi,12,ng,1513643575,67,10.967535752526796,9.918496960932753,60.27,2.55
baringo,48,ke,1513643750,88,0.3135092277265683,35.88480512734982,55.41,1.77
hondo,75,jp,1513641600,93,32.57086983074085,130.187631508073,44.6,3.36
samoded,88,ru,1513643751,82,63.66022406779248,40.75662042993828,25.22,6.29
sirpur,0,in,1513643751,82,19.345083669081568,79.63152850459282,58.38,9.08
upernavik,80,gl,1513643752,100,75.01662722924085,-53.248970876932866,14.46,12.28
yellowknife,20,ca,1513641600,69,84.92411757582737,-103.51512351452999,-11.21,9.17
saint george,75,bm,1513641300,68,37.336923160316644,-64.14491775850999,69.8,16.11
bethel,90,us,1513641360,80,60.101891172054174,-162.5934213488205,41.0,2.82
thompson,90,ca,1513642140,78,55.27090536025558,-95.6662974072071,14.0,12.75
qaanaaq,0,gl,1513643755,100,82.30908523633616,-95.53929068623862,-10.34,6.02
barrow,20,us,1513641180,76,71.00659912925744,-159.79445985887685,-9.41,18.34
san patricio,75,mx,1513640760,78,9.831055210568024,-111.10270172094984,82.4,11.41
provideniya,90,ru,1513641600,74,44.84177082308652,-179.60248016446002,33.8,15.66
puerto ayora,20,ec,1513641600,65,0.1214993887472382,-103.91856401711776,77.0,9.17
atuona,36,pf,1513643757,100,2.304219623060244,-139.44309576175786,79.8,10.6
wenatchee,90,us,1513641300,86,47.62980103018652,-120.86290652373684,44.6,3.6
tuktoyaktuk,75,ca,1513641600,76,85.01645626748392,-126.01217144489996,-11.21,9.17
hilo,75,us,1513641180,83,32.98012413142208,-141.81096173217855,78.8,5.82
fortuna,1,us,1513641300,23,37.65174056927077,-138.09146666841377,53.6,10.29
jackson,90,us,1513642500,82,43.26729613184502,-111.11808827114885,64.4,2.77
la romana,20,do,1513641600,88,15.443867010802514,-69.07752960727144,77.0,8.63
chapais,90,ca,1513641600,85,49.3323839597849,-73.93763266915289,12.2,9.17
brigantine,40,us,1513641600,70,35.41751092268174,-70.42758822258337,42.8,9.86
koundara,0,gn,1513643760,43,12.979614877894456,-13.532295976965898,70.08,6.85
havelock,1,us,1513641480,93,33.31490960050496,-71.76331176168713,59.0,6.93
boke,0,gn,1513643761,86,10.915628100900424,-14.5376649306634,69.72,2.1
manaure,0,co,1513638000,69,13.05231546972199,-73.18497484457362,82.4,9.17
cayenne,92,gf,1513641600,94,11.52936743895602,-45.59822121173429,77.0,1.12
ilulissat,76,gl,1513641000,73,78.14235749291905,-46.23282648152743,19.4,11.41
dingle,76,ie,1513643763,93,52.56506817181017,-18.2737726580055,51.09,12.84
port-cartier,20,ca,1513641600,77,51.53009791080224,-68.59346005056206,-2.21,17.43
lavrentiya,92,ru,1513643764,93,67.42318008151707,-168.83690751370006,31.97,35.48
skibbereen,75,ie,1513641600,100,50.49586531276564,-9.172480212941387,46.4,3.36
kodiak,1,us,1513641180,100,42.64468491004294,-151.79745132864366,32.0,4.7
bemidji,90,us,1513642500,95,47.468593884455395,-94.82728673603401,33.8,13.87
nanortalik,0,gl,1513643765,100,57.956035632563214,-43.56676701772207,30.21,33.13
cabo san lucas,75,mx,1513641120,73,9.912721719156995,-119.95407735268857,75.2,5.82
melilla,0,es,1513641600,66,35.81323960294714,-2.5108775741241063,51.8,1.12
makakilo city,1,us,1513641360,69,19.867580219605948,-158.77029949408177,80.6,6.93
pangnirtung,90,ca,1513638000,70,63.41326484552782,-63.4139667366182,-0.41,3.36
taoudenni,0,ml,1513643768,50,26.124947715551407,-6.828682649058688,55.59,12.88
qasigiannguit,76,gl,1513641000,73,67.9487983165152,-49.13377199605874,19.4,11.41
bathsheba,40,bb,1513641600,78,13.458270709395597,-53.928858981476125,80.6,17.22
jasper,0,ca,1513643769,78,52.702010517004034,-119.36792743203401,11.04,1.77
springdale,12,ca,1513643770,100,49.51614272828241,-55.66501681803623,20.27,16.58
santa maria,75,cv,1513641600,69,20.672163559851388,-21.83195969425244,73.4,13.87
minas de barroteran,56,mx,1513643771,89,27.475957930646263,-100.9080227671023,57.12,3.33
narsaq,8,gl,1513641000,58,87.33391395479102,-61.56183343373057,24.8,9.17
muros,90,es,1513641600,100,44.106563692106,-15.95964391259198,48.2,1.12
torbay,75,ca,1513641600,73,43.30691893124695,-44.62801750349837,19.4,13.87
vila franca do campo,75,pt,1513641600,82,37.22194465785573,-24.34898393671488,64.4,17.22
husavik,0,is,1513641600,70,74.43141122320067,-11.519223670017631,42.8,20.8
tamuin,8,mx,1513643775,68,22.239045384817004,-98.66917482647924,73.86,2.77
weiser,1,us,1513641180,69,45.284173818549554,-116.5743782868646,37.4,2.21
the valley,20,ai,1513641600,78,25.50897516826372,-59.82138160823267,78.8,8.05
tasiilaq,88,gl,1513643776,89,63.394704299309694,-38.990130266306736,32.87,12.77
cartagena del chaira,0,co,1513643776,58,0.9590963435058208,-74.58641141661151,83.76,1.81
kapaa,1,us,1513641360,78,19.35585456599145,-177.8432469707609,77.0,6.93
kahului,75,us,1513641360,74,34.21864949919775,-145.59292945668696,80.6,5.82
sitka,20,us,1513641360,100,48.87128579683082,-137.17082842794073,35.6,6.02
tamale,68,gh,1513643779,45,9.053421686921027,-0.656594092709728,81.02,4.83
owasso,1,us,1513642500,86,36.468109506066384,-96.00263291758475,51.8,5.82
klaksvik,90,fo,1513642800,100,72.59245977916319,-8.122584863813971,48.2,4.7
sao filipe,64,cv,1513643780,97,9.605473152183048,-28.062984838075717,74.54,15.57
slave lake,90,ca,1513641600,73,55.7517765372659,-114.82192554015893,26.6,12.75
ribeira grande,92,pt,1513643782,94,36.60829684334406,-33.38979744023833,66.75,28.39
montelibano,0,co,1513643783,83,9.488043476699968,-74.19944251633211,79.04,2.55
georgetown,88,sh,1513643783,100,0.2515994790997067,-17.662532907764756,75.21,18.37
hamilton,75,bm,1513641300,68,31.41205032867052,-68.49079159875252,69.8,16.11
cloquet,90,us,1513642500,94,46.38908981339598,-93.02753499635244,33.8,8.05
ponta do sol,80,cv,1513643784,100,21.44376072296491,-28.535171785232787,73.01,17.13
la ronge,90,ca,1513641600,78,60.63772922945031,-108.30595112028037,10.4,12.75
qaqortoq,32,gl,1513641000,58,60.96673225690589,-47.571978961766106,24.8,9.17
grindavik,75,is,1513641600,80,62.27457139593011,-23.986073624918806,39.2,14.99
bubaque,0,gw,1513643786,95,8.628967016347476,-18.094470341169064,79.71,4.61
cortez,1,us,1513641180,29,37.839193492695586,-108.18271840660455,37.4,3.36
saint pete beach,0,us,1513642500,83,27.74672157408406,-82.84639612991397,73.4,3.0
charleston,75,us,1513643700,100,39.51507705307563,-87.97016151098042,64.4,5.82
rutland,90,us,1513641360,100,43.401117032657844,-72.93973002173077,28.4,2.82
lompoc,75,us,1513641360,29,30.851447299242906,-121.9865756529504,68.0,5.82
progreso,40,mx,1513641300,54,25.19630167991978,-91.35639528870585,84.2,11.41
springville,1,us,1513642500,72,40.137972361736395,-111.20582667946309,32.0,3.36
bucerias,75,mx,1513641000,83,20.81759947939622,-107.77649862649224,78.8,8.05
clyde river,75,ca,1513641840,75,72.81858085837301,-72.34014605463884,-14.81,3.36
camacha,75,pt,1513641600,63,35.71528766434283,-15.591520968511151,62.6,12.75
aklavik,75,ca,1513641600,83,69.76293819887644,-141.38206817006287,-9.41,5.82
hermiston,90,us,1513641780,71,45.9124957275167,-119.62895216246754,53.6,4.7
sao gabriel da cachoeira,64,br,1513643792,96,1.596660796756677,-66.29857249231122,74.99,3.78
los llanos de aridane,0,es,1513643400,72,29.994694392511935,-21.022597259170052,66.2,8.05
san andres,100,co,1513643564,100,13.036113447213143,-79.98477338558638,77.28,19.33
chontalpa,100,mx,1513643794,71,17.536519566890416,-93.82693660026811,81.78,6.91
sioux lookout,40,ca,1513641600,92,52.4448032761567,-92.27658280997241,30.2,6.93
whitehorse,75,ca,1513641600,92,61.6405951026603,-130.36686878972844,10.4,3.04
hofn,92,is,1513643796,90,68.3810978495279,-12.160947863560027,44.61,29.21
lagos,0,pt,1513641600,50,35.294783448593286,-11.012131109887147,51.8,5.82
rolla,1,us,1513641360,81,37.56441861628993,-92.12900751942381,48.2,8.05
el reno,1,us,1513643160,93,35.73689279912408,-97.86354566490999,50.0,11.41
reinosa,75,es,1513641600,76,42.791110207111274,-4.5844509299174,55.4,4.7
hay river,75,ca,1513641600,76,63.61168501053412,-119.09189494942385,-4.01,14.99
outlook,0,ca,1513643799,69,51.21042461426228,-106.89913296809917,24.14,17.31
puerto escondido,20,mx,1513640400,78,4.726442782377199,-100.8591813379698,82.4,5.82
bonavista,0,ca,1513643801,100,49.28004780230865,-50.674328647479555,21.84,16.31
lake havasu city,1,us,1513641360,15,34.514030163937264,-114.5354686506304,64.4,9.17
adrar,0,dz,1513641600,56,27.63285759372806,-1.3847682293666752,44.6,12.75
corinto,20,ni,1513638000,51,10.7241246046749,-88.92693704647286,86.0,4.7
sinnamary,92,gf,1513643802,100,19.15988486430719,-44.24858063547869,76.52,9.04
port hardy,90,ca,1513641600,100,47.06132189562178,-135.71563310902988,39.2,4.7
kenora,75,ca,1513642500,92,50.2021141319927,-94.29274087431952,32.0,5.82
riohacha,0,co,1513638000,69,12.311022780308786,-73.47015272669427,82.4,9.17
martinsburg,90,us,1513642500,65,39.43333928485554,-77.83364412572111,51.8,6.73
miraflores,76,co,1513643805,36,1.2667457933107484,-71.58773164405034,88.62,3.71
flin flon,75,ca,1513641600,61,57.5572804337216,-101.95881925132741,14.0,21.92
caucaia,40,br,1513641600,78,0.9902443676519945,-35.47367875850686,80.6,13.87
high level,40,ca,1513641600,77,58.110047328901665,-117.3479374157757,6.8,8.05
lakota,20,ci,1513643808,91,5.51448808872447,-5.928405618920818,74.85,6.91
paamiut,68,gl,1513643808,100,56.11190631788188,-50.45044348053796,27.15,7.52
newport,90,us,1513643220,100,44.112392863419096,-124.32165094721398,42.8,3.36
santa isabel do rio negro,48,br,1513643809,95,1.40962392737905,-63.570931108336325,76.83,2.77
fort atkinson,1,us,1513642500,86,42.9524717183645,-88.88008372308695,37.4,8.05
rivers,75,ca,1513641600,79,50.22131446733605,-100.33667197342082,26.6,14.99
senneterre,90,ca,1513641600,100,47.82850608618384,-76.64612582919133,17.6,13.87
guerrero negro,0,mx,1513643811,93,22.225756751771083,-121.28047330910557,62.79,5.79
oussouye,0,sn,1513641600,78,9.92856900526208,-20.29348550445259,73.4,14.79
nipawin,90,ca,1513641600,79,54.74426357272806,-103.81323969865936,26.6,19.46
natchitoches,40,us,1513642500,93,31.55623947935996,-93.6736213469427,62.6,4.7
little current,90,ca,1513641600,88,45.79262298111035,-81.4039441096351,33.8,9.17
egvekinot,88,ru,1513643815,85,64.04494266538929,-179.60565094075747,15.18,14.29
porto novo,75,cv,1513641600,73,14.965132495739068,-32.051949260506,73.4,20.8
north myrtle beach,20,us,1513642500,87,32.43769679436561,-77.70044129636241,62.6,8.05
busselton,24,au,1513643817,100,-50.00175472348067,99.41054244396058,63.51,16.42
tadine,12,nc,1513643817,93,-22.99150133917894,172.01917809724026,78.18,16.2
noumea,90,nc,1513641600,45,-28.450412681538033,164.2507459993801,84.2,9.17
kruisfontein,44,za,1513643818,91,-45.37265810871977,25.883636067506107,55.59,4.83
geraldton,75,au,1513639800,68,-33.14685199012942,94.59179407695935,66.2,11.41
saint-philippe,0,re,1513641600,73,-48.386385530871884,63.914545140781584,77.0,6.93
bambous virieux,75,mu,1513641600,78,-33.312922765915644,79.66113347187554,77.0,7.63
auki,64,sb,1513643820,100,-8.115657743224162,162.08146383753453,80.97,4.9
luganville,88,vu,1513643821,100,-15.315250064109302,167.96566312563917,81.15,14.85
albany,92,au,1513643787,79,-78.48738581995637,94.70565527130128,59.24,16.13
mount isa,8,au,1513641600,34,-20.818314060255123,138.12893966669705,96.8,10.29
broken hill,92,au,1513643822,23,-30.889130110571667,142.85054037099775,96.63,21.23
flinders,12,au,1513638000,57,-34.2340784362383,132.6547922770415,80.6,5.82
isangel,32,vu,1513643823,100,-21.111065554953328,171.13112278013227,77.19,16.58
port elizabeth,0,za,1513641600,93,-79.10261858812838,31.4572828310593,57.2,8.05
nhulunbuy,40,au,1513641600,58,-10.148332032256743,137.85694911531172,87.8,8.05
new norfolk,75,au,1513641600,56,-76.70704873487922,134.37845138956095,73.4,11.41
matara,8,lk,1513643825,100,-2.241021513858997,82.64027278416482,74.4,1.81
hithadhoo,88,mv,1513643825,100,-9.030122170008754,84.85977619407561,82.23,12.33
bredasdorp,64,za,1513641600,87,-75.2326832834629,15.315282316867835,53.6,4.7
port alfred,44,za,1513643826,100,-61.634082635744114,33.64638813666339,61.04,7.14
hermanus,0,za,1513643827,94,-68.50549439059134,11.047375818892336,49.83,3.83
buala,64,sb,1513643827,90,-1.6123225977921385,163.7441142237404,83.72,5.79
le port,0,re,1513641600,65,-17.711508942812074,53.5579436429243,77.0,10.29
mitsamiouli,44,km,1513643828,100,-6.531589610320127,44.67339176740563,79.49,10.09
kariba,24,zw,1513643829,93,-16.293318179858424,29.223755696903375,71.16,3.89
pemba,92,mz,1513643829,100,-13.348631759761819,40.309441469814566,77.01,6.06
souillac,75,mu,1513641600,78,-44.603796485741356,68.70095929504913,77.0,7.63
opuwo,48,na,1513643831,87,-19.50901775150359,9.722162721538885,61.67,2.82
hobart,75,au,1513641600,56,-62.091427987688256,146.51973821162233,73.4,11.41
rutana,64,bi,1513643832,99,-3.909587659793007,30.030711151816064,57.3,2.89
kanye,92,bw,1513643833,46,-24.866060595944695,24.93741360380986,75.57,2.71
galesong,40,id,1513643400,83,-5.079630020315038,116.83639367246292,80.6,3.36
ngunguru,0,nz,1513643834,86,-35.390708042302634,174.41696163059657,71.84,5.12
karratha,0,au,1513643835,18,-23.3962760090115,116.22911410264803,85.07,10.16
kilindoni,88,tz,1513643835,100,-7.288371330895355,40.23819645651338,83.13,14.41
tuatapere,80,nz,1513643836,100,-47.18903431762923,165.51360593901333,52.17,23.17
kokoda,24,pg,1513643837,65,-8.559663368650208,147.62798678574316,73.59,2.33
gisborne,12,nz,1513643838,70,-40.24999885147818,178.60065683877912,70.8,5.57
bluff,48,nz,1513643838,100,-65.04707088636908,165.4944201480585,54.74,31.12
portland,76,au,1513643839,88,-40.69444776511996,140.0284464505636,67.29,7.74
kupang,20,id,1513639800,78,-13.27892815985631,121.6260536007123,82.4,3.36
norsup,24,vu,1513643840,77,-16.851368589109278,164.8287879548287,83.27,10.09
victoria,20,sc,1513641600,83,-3.578585009854188,50.55156692139984,77.0,2.24
praya,40,id,1513643400,74,-14.389194441050112,116.69389945831945,84.2,6.93
east london,92,za,1513643842,100,-74.49061895409491,54.10294492137061,64.14,8.25
morehead,0,pg,1513643843,56,-10.411165693805415,141.29381998523257,90.33,8.52
bengkulu,0,id,1513643843,100,-15.768290838930252,91.77987081970673,78.36,4.56
esperance,92,au,1513643844,82,-39.60373498795887,123.19651832777822,60.27,18.7
byron bay,12,au,1513641600,58,-29.709318481901498,158.96575219520795,82.4,17.22
lakes entrance,56,au,1513643845,62,-37.64650279913744,148.73573955564802,81.96,5.39
cape town,0,za,1513641600,72,-48.40916141877088,1.132141070609236,62.6,19.46
mvomero,20,tz,1513638000,88,-6.348109055335822,38.76551209039711,78.8,2.24
chipinge,0,zw,1513643847,81,-20.01885135419279,32.482720118549736,73.59,3.83
ranfurly,88,nz,1513643847,56,-45.22719752682078,170.27934144874257,57.89,14.41
alice springs,0,au,1513641600,38,-26.738370611487905,134.67800176675195,93.2,14.99
carnarvon,32,au,1513643848,98,-27.952091377089122,85.88187695476054,71.43,20.04
samarai,80,pg,1513643849,100,-11.7107267200924,153.25497615729498,80.79,26.6
port macquarie,12,au,1513641600,43,-31.8981327320603,157.6607756897975,91.4,5.82
alyangula,12,au,1513643850,93,-15.173077794229858,136.40704729867758,86.91,10.54
rabaul,48,pg,1513643851,100,-4.094844506900433,151.29239601080744,81.6,10.04
auckland,0,nz,1513641600,53,-36.81648976804175,174.88308360498817,73.4,18.34
atambua,76,id,1513643851,100,-7.808095079704403,124.60057641562183,77.96,1.21
kiama,12,au,1513638000,57,-36.13777585701238,154.092408451921,80.6,5.82
antsohihy,56,mg,1513643852,100,-15.775213581207748,47.870620430545614,70.44,0.31
mgandu,32,tz,1513643853,86,-6.376513791981964,33.51090642805556,62.66,9.04
maxixe,0,mz,1513643854,100,-23.97470631419282,35.18473149559702,73.14,9.31
tual,64,id,1513643855,100,-6.785042370774934,130.59730417794378,79.62,12.77
miandrivazo,80,mg,1513643855,88,-19.64154966164819,45.286160827956564,71.84,2.71
sola,92,vu,1513643856,100,-13.496336539395367,172.2033886375189,76.34,8.25
tshikapa,88,cd,1513643856,100,-7.233884493779811,19.26393206218893,68.82,1.7
padang,0,id,1513643857,100,-5.650299419165595,95.38829516551203,81.78,6.73
mareeba,40,au,1513641600,52,-16.380385503578925,143.27433284538256,87.8,9.17
balikpapan,20,id,1513639800,74,-0.9423785843582089,115.61194222437553,82.4,8.05
saldanha,0,za,1513641600,62,-34.39578227127475,10.619241069653862,59.0,9.17
merauke,44,id,1513643859,72,-7.473592243092204,136.60274029392863,88.53,5.57
walvis bay,0,na,1513643859,100,-23.90273729499511,12.329331217006995,60.99,5.61
gamba,80,ga,1513643860,97,-2.8777487582141337,8.77979764189985,76.16,3.89
kirakira,88,sb,1513643860,100,-15.020613713717553,161.52729744735942,82.64,11.88
saurimo,88,ao,1513643861,98,-10.281596021025651,20.17527425478326,64.91,2.77
namibe,0,ao,1513643861,100,-18.738810137895882,7.555683573967604,71.7,1.88
mwene-ditu,76,cd,1513643862,97,-8.434710530160036,22.627151279809713,66.03,1.81
roebourne,0,au,1513643863,18,-24.05589981782189,117.47320516395425,85.07,10.16
mahebourg,75,mu,1513641600,78,-30.95687517561113,66.89786601591163,77.0,7.63
biloela,0,au,1513643864,57,-24.045120306334216,149.99042786795366,82.91,5.79
vanimo,48,pg,1513643864,99,-2.7597064938104032,140.4498365763818,84.3,15.57
port shepstone,88,za,1513643864,100,-34.82940723114261,36.36831328159533,67.34,19.15
micheweni,76,tz,1513643865,100,-4.536291741632002,41.082038442001334,80.34,16.91
gizo,68,sb,1513643865,100,-9.180623127265724,154.3533743446764,82.46,12.33
dunedin,88,nz,1513643866,97,-54.85478616785888,179.54796138397285,51.54,16.31
kimberley,0,za,1513641600,82,-29.01284158749042,25.34978852709588,59.0,4.7
cap malheureux,75,mu,1513641600,78,-15.174301412189426,56.64355990097444,77.0,13.78
atherton,40,au,1513641600,52,-17.689947788120204,145.05878455485134,87.8,9.17
meulaboh,48,id,1513643869,100,-3.541715512758139,89.0654252464873,77.69,4.12
yeppoon,20,au,1513641600,51,-21.877889745409465,150.37861307603654,84.2,6.93
mlonggo,92,id,1513643870,100,-5.341607574766756,109.8338927870507,78.27,6.91
canberra,0,au,1513641600,45,-34.944016165158004,149.108058769222,86.0,19.46
poum,20,nc,1513643871,100,-19.92960721491661,162.10345233920788,78.9,9.6
ambilobe,92,mg,1513643873,95,-11.647171900755962,50.885515105008835,73.37,3.6
sambava,64,mg,1513643873,100,-12.503880414473791,52.364378910500534,78.36,17.2
pringsewu,36,id,1513643874,97,-7.7588796527410135,102.30383341945387,71.7,2.1
jamestown,88,sh,1513643875,100,-21.498522956126624,1.0695090344797964,68.73,20.56
aranos,12,na,1513643875,47,-24.38265651300364,18.944664342900857,72.78,4.9
fayaoue,92,nc,1513643876,100,-19.124285660205757,166.55163659397903,73.77,12.88
collie,80,au,1513643877,73,-34.37482470226498,116.40386748555126,59.64,12.88
livingstone,12,zm,1513643878,65,-17.04591502764452,25.54767411572326,70.53,2.89
port lincoln,0,au,1513643878,81,-39.91120613792551,132.24926807850403,70.31,18.54
sydney,0,au,1513641600,74,-33.66041845940627,150.92161837117928,95.0,11.41
mount gambier,64,au,1513643879,100,-56.707228026139845,128.53064035769572,68.96,5.91
margate,88,za,1513643879,100,-42.055546630075916,42.79355236504729,67.34,19.15
bowen,75,au,1513638000,65,-19.074061960156982,148.90486526821684,82.4,9.17
kaeo,0,nz,1513643881,45,-25.84499667493111,178.22755989931198,77.42,8.86
takapau,44,nz,1513643882,52,-40.34360796210807,176.34780289786707,70.31,16.42
emerald,0,au,1513643882,57,-23.08384018759379,147.33013865021286,84.21,6.8
mildura,100,au,1513643883,33,-33.25758420282003,142.49737557118615,92.72,18.03
kununurra,0,au,1513641600,63,-20.458332764440744,127.21963103715028,91.4,6.93
upington,0,za,1513641600,35,-29.041718998583697,21.675689536717456,73.4,5.82
poya,0,nc,1513643885,99,-26.766343629610365,161.3966618223336,76.79,12.1
jakarta,75,id,1513643400,88,-6.149992235151718,106.88410142308561,78.8,2.24
owando,76,cg,1513643886,98,-0.12360826511118583,16.48809732483955,69.81,3.6
port-gentil,40,ga,1513638000,88,-1.2349171060130426,4.671988674374095,80.6,3.36
luau,92,ao,1513643887,100,-10.275714995745806,22.701067168231834,66.26,2.04
camacupa,92,ao,1513643887,100,-10.972322713765237,18.3672557883798,61.49,1.81
luderitz,0,na,1513641600,77,-31.861184093433582,2.355444686845507,60.8,12.75
maningrida,12,au,1513643889,85,-9.027825392119407,134.50857537251983,85.92,3.22
avarua,90,ck,1513641600,88,-59.626920358926775,-167.4638627599225,80.6,14.99
santa vitoria do palmar,0,br,1513643889,76,-35.15224742334468,-50.44835298820177,63.6,12.28
castro,0,cl,1513643890,76,-44.7760296084316,-98.01706843434982,56.94,3.0
bom jesus,64,br,1513643890,78,-8.48004123252932,-43.96887779583585,76.38,5.06
tres arroyos,0,ar,1513643891,39,-38.165378493168625,-59.49333705782727,68.24,11.32
arraial do cabo,48,br,1513643891,88,-46.23229532680522,-27.607402336167507,76.74,11.27
rondonopolis,76,br,1513643892,100,-16.91231931937824,-54.66911991232906,70.67,3.11
chuy,0,uy,1513643893,76,-63.55992231360938,-21.531831310753482,63.6,12.28
punta arenas,75,cl,1513641600,61,-59.9969085104721,-81.98381723706905,50.0,4.7
ushuaia,40,ar,1513641600,75,-61.64616791631538,-46.096927361079075,46.4,18.34
rikitea,88,pf,1513643894,100,-45.773455177993974,-123.04579595966935,77.55,20.45
antofagasta,75,cl,1513641600,72,-22.62332781488909,-72.8092200123507,66.2,11.41
vaini,20,to,1513641600,61,-29.68923097066367,-168.98997350845926,80.6,8.05
caravelas,64,br,1513643896,100,-23.18236865632229,-27.369016983893456,78.09,12.62
lebu,0,cl,1513643897,93,-30.035991079623294,-87.9205727009189,54.96,19.6
coquimbo,0,cl,1513641600,82,-28.807216971718795,-85.26683692111902,60.8,10.29
beberibe,40,br,1513641600,78,-2.5323287164218233,-36.19755139883072,80.6,13.87
codajas,92,br,1513643899,93,-3.029795459464127,-62.529282622155726,73.91,7.81
tautira,20,pf,1513641600,70,-19.18046909134749,-143.611337663988,86.0,11.41
mar del plata,0,ar,1513641600,62,-60.504759052804815,-37.01965794788373,59.0,9.17
mozarlandia,64,br,1513643901,82,-14.984127824350796,-51.54837372375272,76.47,3.11
frederico westphalen,0,br,1513643901,49,-27.48694449404937,-53.10125964975333,81.6,10.94
huarmey,0,pe,1513643902,73,-16.374481230962704,-90.28553517705059,67.34,3.49
catamayo,8,ec,1513643903,57,-3.9939140936238537,-79.4976272164186,65.13,1.1
san vicente,0,ar,1513643903,65,-35.36702302212256,-58.79854549379644,77.87,4.34
valdivia,0,cl,1513641600,63,-39.2198982173295,-75.28132678325692,60.8,6.93
tabou,64,ci,1513643904,100,-3.1367865395668684,-5.936102337777371,79.94,11.54
faanui,8,pf,1513643905,100,-4.735137662460426,-157.21241340478224,82.68,8.81
sao joao da barra,0,br,1513643906,99,-31.6170366385991,-25.12620924920332,77.87,21.34
takoradi,80,gh,1513643906,100,-4.355151572862194,-1.5825816141614846,80.16,7.85
jandaia do sul,20,br,1513641600,88,-23.529432018945375,-51.6136092464561,75.2,8.05
camana,92,pe,1513643908,100,-20.21966534712293,-74.59068702897838,65.76,6.06
rawson,0,ar,1513643908,59,-51.7599483902348,-54.08550355940546,66.62,10.42
tabalosos,20,pe,1513641600,55,-6.409953927966169,-76.6502721955883,86.0,6.93
touros,88,br,1513643909,85,-1.6604850978603647,-34.100180032070384,79.71,14.56
necochea,0,ar,1513643629,59,-51.4538000886363,-52.75998815608475,64.32,12.44
maragogi,64,br,1513643910,83,-15.410266391745287,-26.202056197698905,77.42,7.74
ancud,8,cl,1513643911,72,-42.087997763312096,-105.13853193214554,58.47,3.04
alta floresta,68,br,1513643911,93,-11.37647491320083,-55.12571199484601,74.58,1.99
coihaique,0,cl,1513641600,71,-46.22505945412842,-76.26748152710903,59.0,23.04
mancora,0,pe,1513638000,78,-4.032567721673178,-81.15862334721871,71.6,18.34
calama,0,cl,1513641600,59,-22.338757723956338,-69.43596453818006,66.2,24.16
villa maria,88,ar,1513643691,38,-32.177958791571626,-63.61295678432624,73.05,12.06
laguna,92,br,1513643914,100,-28.884979829806188,-48.349225491408944,70.31,11.83
valparaiso,0,cl,1513641600,77,-32.74224789498379,-75.18106472931345,62.6,4.7
realeza,12,br,1513643914,83,-25.413270510245184,-53.49368434105661,73.32,8.75
pisco,0,pe,1513641600,88,-26.2927207337794,-96.52492839639831,68.0,16.11
cidreira,80,br,1513643916,83,-60.61959754052203,-17.568821535162144,67.11,14.85
porto walter,44,br,1513643917,93,-9.442689226700658,-72.31630240968698,76.16,1.48
formosa,76,br,1513643917,82,-15.380878141161675,-47.121884853827915,69.81,3.71
pueblo nuevo,0,pe,1513643919,70,-7.186956508342865,-79.56990219718168,74.49,2.82
vilhena,0,br,1513638000,100,-13.429636205381623,-60.04954944406433,69.8,5.82
alofi,90,nu,1513638000,88,-17.113155044042045,-165.95211305990924,77.0,14.99
vila velha,20,br,1513641600,83,-28.04978942538926,-22.852974246633334,77.0,6.93
fare,8,pf,1513643921,100,-13.924018483527771,-150.21144646993352,82.64,8.52
uyuni,44,bo,1513643922,68,-19.958131101505884,-68.0180211398676,48.71,6.06
bahia blanca,24,ar,1513643854,43,-37.45327184124907,-62.50709430477985,77.69,13.62
bocaiuva,0,br,1513638000,65,-17.235640008025747,-44.02366055809368,77.0,2.24
tocopilla,32,cl,1513643923,85,-21.287048010750883,-71.23367535209437,64.14,3.04
pitimbu,20,br,1513641600,78,-7.784320186715826,-31.784865569161155,78.8,10.29
axim,68,gh,1513643924,98,-5.535825764316495,-3.7093047015772074,81.6,10.83
sidrolandia,44,br,1513643925,96,-20.875759931611626,-54.78760256650712,73.23,2.71
santarem,75,br,1513641600,94,-2.924052229756411,-53.94437182748902,73.4,5.82
moerai,56,pf,1513643926,100,-19.900201947891393,-151.83866752766028,77.73,5.35
urucui,80,br,1513643927,89,-7.161207641431409,-44.763124515861186,73.14,2.71
acari,48,pe,1513643927,70,-21.815220087824525,-77.7165916240476,64.37,2.37
almeirim,80,br,1513643928,99,-0.5510054332766912,-53.11167171593727,75.12,3.0
lima,48,pe,1513643789,72,-18.067146497339166,-87.58551947834918,63.69,2.48
rio gallegos,75,ar,1513641600,41,-49.81513898521826,-65.09074538230699,57.2,6.93
ilheus,40,br,1513638000,88,-14.837517646499593,-36.083192360338714,75.2,2.24
nova granada,0,br,1513638000,61,-20.485959432975534,-49.28387865079788,80.6,2.24
irece,76,br,1513643798,70,-11.198951339525356,-41.666069158117395,73.59,10.94
oruro,8,bo,1513643932,60,-18.639797690475568,-68.07569384666381,54.51,14.07
rocha,0,uy,1513643933,49,-52.58099258799536,-37.611822164867064,64.05,12.66
eirunepe,0,br,1513643934,91,-5.624855625662804,-70.2909187312953,78.36,1.99
nisia floresta,20,br,1513641600,74,-3.892089273908763,-27.47364451660379,80.6,12.75
rio grande,92,br,1513643935,82,-42.59896704087319,-39.98497040333192,68.46,15.97
taquari,80,br,1513643936,77,-29.795654321283255,-51.84007868657782,68.51,18.81
rio verde de mato grosso,48,br,1513643937,89,-19.40681168474468,-55.22914096145827,74.22,3.33
santiago,0,cl,1513641600,40,-33.351617930634134,-70.72070959222955,73.4,12.75
linares,0,cl,1513643711,61,-36.229384957206946,-70.5462718005,62.84,2.37
aripuana,88,br,1513643938,98,-7.72127207241455,-59.720981885227715,74.36,1.99
guarapari,20,br,1513641600,83,-22.24381501854341,-38.48007054701768,77.0,6.93
santa helena de goias,80,br,1513643939,95,-17.773627793400802,-50.36479087759944,69.14,3.33
dois vizinhos,32,br,1513643941,87,-25.7786323271528,-53.257856887144015,71.7,8.37
junin,24,ar,1513643941,41,-34.42138692967558,-61.017186771126816,67.02,10.42
jacareacanga,68,br,1513643942,97,-8.195211839736903,-57.44848053726,73.95,1.48
alegrete,32,br,1513643943,57,-29.692615327392215,-55.51629385562608,74.76,14.12
sao raimundo nonato,68,br,1513643944,59,-9.736448976350921,-43.30440066135719,77.24,3.27
san pedro,20,bo,1513643945,89,-17.78735913542192,-59.71665687003665,53.52,13.44
olinda,40,br,1513641600,74,-9.265672306953084,-26.741914023826272,80.6,8.05
iberia,56,pe,1513643946,87,-11.623489825536318,-69.50207747450362,77.96,1.03
barranca,0,pe,1513643947,100,-3.1527298381325055,-76.04968677212604,64.95,9.6
fonte boa,20,br,1513643948,93,-2.4611875269830374,-66.12817762761222,76.34,5.84
lagunas,24,pe,1513643948,76,-4.936134487991915,-74.86634197935429,80.84,4.12
tarauaca,12,br,1513643949,94,-9.674922537764557,-71.21858762920716,75.48,1.77
puerto varas,0,cl,1513641600,58,-41.14907711663425,-72.74312265942221,59.0,6.93
viedma,64,ar,1513643950,20,-40.991592152068534,-62.80178453548559,76.65,8.25
baiao,80,br,1513643951,98,-3.17076993268726,-49.40396406842942,73.64,2.26
iquique,0,cl,1513641600,77,-19.823531081098977,-69.94924283150574,68.0,5.82
san antonio,32,cl,1513643952,73,-33.78382901574209,-72.73940140949871,62.88,2.77
cabedelo,20,br,1513641600,78,-3.9650680238135285,-26.619339724576676,78.8,10.29
comodoro rivadavia,0,ar,1513641600,35,-47.921821687331196,-66.72126991189364,73.4,8.05
salta,40,ar,1513641600,82,-25.729043724410072,-67.66004463929943,64.4,3.36
lujan,0,ar,1513641600,64,-32.99971388119833,-69.45039480504194,69.8,11.41
san cristobal,75,ec,1513641600,83,-7.649966246024002,-89.96541919364456,71.6,13.87
conde,20,br,1513641600,78,-14.906146832306284,-32.56310845077248,78.8,10.29
tiarei,20,pf,1513641600,70,-12.162294701294368,-145.9417111277843,86.0,11.41
hualmay,20,pe,1513643961,79,-20.130787332943743,-95.07109399266525,66.66,5.23
traiguen,0,cl,1513643962,63,-38.32199062091342,-73.04289205836442,58.74,5.61
mercedes,0,ar,1513643963,51,-34.29640111155815,-65.36543321559382,63.06,7.29
ibotirama,64,br,1513643964,95,-11.747041152849327,-42.9341875094519,69.63,2.33
riberalta,90,bo,1513638000,100,-11.425186517067917,-66.11217251776253,73.4,4.7
anajatuba,92,br,1513643966,91,-3.345938808102149,-44.64252605230567,76.83,3.49
saquarema,40,br,1513641600,83,-26.151328640906108,-42.661872394398785,78.8,8.05
atocha,44,bo,1513643967,68,-21.407008074022205,-66.41310015884591,49.29,3.22
santana do acarau,88,br,1513643967,61,-3.4121224969084976,-40.23613051270932,80.79,10.04
el alto,0,pe,1513638000,78,-4.017903331432263,-81.46164356087165,71.6,18.34
san juan,76,ar,1513643866,28,-30.65679228990072,-69.29036009285731,78.72,4.38
parambu,56,br,1513643969,53,-6.303276330026017,-40.564491125375945,78.0,7.14
porto uniao,92,br,1513643969,88,-26.431948419479355,-50.77411411619517,67.74,5.01
maldonado,0,uy,1513641600,63,-35.381017873788764,-54.71120400128058,62.6,11.41
imbituba,75,br,1513641600,94,-28.388214952781688,-46.81352323055309,69.8,2.24
lapao,76,br,1513643972,70,-11.440700652782969,-41.65325679196163,73.59,10.94
ilhabela,44,br,1513643972,97,-25.34524285981789,-44.87743065984192,76.11,4.9
mehran,0,ir,1513641600,56,31.774233163375822,45.49134166261684,41.0,2.24
belaya gora,64,ru,1513644281,65,69.85708687879637,143.2980274442593,-22.26,5.5
okha,0,ru,1513644282,86,55.13439683160772,144.40743249013,-9.66,14.56
negombo,5,lk,1513642200,88,7.483873663185089,78.76029788907016,71.6,8.05
ust-kuyga,48,ru,1513644283,0,70.03522184975331,135.86297953874399,-39.99,3.56
selyatino,90,ru,1513641600,92,55.52655583966388,36.87402075842524,30.2,11.18
nalut,64,ly,1513644285,93,31.62852174122489,9.708633109615484,41.06,3.78
soloneshnoye,0,ru,1513644285,51,51.07749326145074,84.1036372678542,-10.97,2.48
zyryanka,48,ru,1513644286,51,65.96257981621555,151.59421983867296,-17.76,4.9
igrim,76,ru,1513644286,76,63.39443473131071,62.994809687475005,30.12,8.86
novoorsk,0,ru,1513641600,69,51.380725815062775,59.30767641716568,-7.61,4.47
bintulu,75,my,1513641600,94,5.157563928355224,111.11969143484659,78.8,12.75
deputatskiy,44,ru,1513644288,55,73.74444079855098,141.99617514494082,-33.24,2.82
ust-nera,48,ru,1513644289,69,64.09164293524854,141.1081428324639,-38.37,1.81
katsuura,20,jp,1513641600,100,23.775914102322286,144.8885177094067,44.6,1.12
zerbst,75,de,1513642800,87,51.91143531254412,12.159697523315426,32.0,5.82
shitkino,88,ru,1513644290,63,56.363256027538604,98.41280890574882,18.92,9.37
mykolayivka,32,ua,1513644071,86,47.66049647577618,30.66140823854196,28.41,12.17
malayal,20,ph,1513641600,79,7.900109115483255,120.88617828607023,84.2,4.7
kavali,0,in,1513644291,84,14.724413611299758,80.58739220515545,61.04,2.82
severo-kurilsk,8,ru,1513644292,100,30.894792168682255,165.22510365422383,25.76,14.18
kulhudhuffushi,80,mv,1513644292,100,7.6608982756414425,67.3074978526832,82.37,6.4
san isidro,75,ph,1513641600,83,5.95975223623748,129.54579563499755,78.8,5.82
chernyshevskiy,64,ru,1513644293,81,63.890274367621025,111.41684524381897,-19.2,4.23
hudiksvall,32,se,1513644294,100,61.52450163771437,17.883439558051528,34.26,12.84
khash,44,ir,1513644294,79,28.932323796711515,60.35788327631346,32.82,2.71
teguldet,0,ru,1513644295,64,58.833744371146736,87.23250686925574,6.63,8.63
chizhou,0,cn,1513644295,91,30.32887341861101,117.3878510760008,24.81,3.78
jumla,12,np,1513644295,61,31.81992111306677,83.86146067643581,12.62,2.04
svetlyy,90,ru,1513641600,86,48.97918248039881,62.976618855952424,32.0,8.95
basoko,76,cd,1513644297,96,0.6151839057541975,22.422160045855296,74.76,2.89
oktyabrskoye,0,ru,1513644298,88,61.664952192110555,67.80416668224977,26.43,1.03
kharp,12,ru,1513644298,77,69.42651403918559,66.71057481732348,20.58,15.86
ostrovnoy,8,ru,1513644299,84,74.23182032048099,40.18819719308843,16.76,14.29
akdepe,0,tm,1513641600,78,40.90846292036215,58.24163877877203,10.4,6.93
dwarka,80,in,1513644300,100,22.346996113472066,67.79716624302927,71.7,14.18
asyut,32,eg,1513644300,91,26.110491607638934,28.987944724454316,51.77,3.22
tuy hoa,80,vn,1513644301,100,12.800083445896645,113.24091408553915,67.79,25.97
shache,80,cn,1513644302,89,36.48110511560199,78.44486395547314,19.23,3.0
fuxin,0,cn,1513644303,53,42.487890581200936,121.31752252530707,-4.17,3.49
novyy urengoy,48,ru,1513644123,91,65.54415409284556,76.90075060627197,27.92,23.06
buraydah,0,sa,1513641600,81,29.463644450474447,43.50527540785172,46.4,3.0
tezpur,20,in,1513644304,88,26.940752407047516,93.07704088778026,51.36,2.21
anadyr,90,ru,1513641600,92,62.93550703849456,173.90330760237097,26.6,44.74
vysokogornyy,32,ru,1513644305,56,50.740222433063394,139.50591865141757,-13.04,5.79
turukhansk,88,ru,1513644306,86,62.26764371015771,86.95103617303607,20.31,17.69
harboore,0,dk,1513642800,86,56.67124676898786,7.340572222953165,37.4,3.36
arys,8,kz,1513641600,71,42.45010063395582,68.63708810254855,32.0,4.47
gazojak,0,tm,1513644308,82,39.859311300043636,61.47288428678062,8.34,3.04
chenzhou,0,cn,1513644309,78,25.69855553791143,113.44690892555968,24.81,6.24
tabas,0,ir,1513644310,63,32.732198738419186,57.072417708229814,31.61,2.77
agadez,0,ne,1513644310,42,16.047725192550732,7.422170114721672,59.91,7.81
gorontalo,0,id,1513644311,82,2.3147256342441835,121.5190595835321,80.34,2.33
dhidhdhoo,80,mv,1513644312,100,8.183776148973443,74.35361439347493,82.37,6.4
cingoli,75,it,1513641000,78,43.35601896485377,13.10776849200071,35.6,3.36
visby,88,se,1513642800,86,57.928289798740586,17.683754547133073,37.4,9.17
lakselv,8,no,1513642800,78,69.57464228257902,24.842189673473502,15.8,16.11
sam chuk,0,th,1513644314,44,14.686901507154595,100.13090160208063,58.61,15.08
sibu,75,my,1513641600,94,1.9507859531240679,111.67908677420836,77.0,4.38
balabac,88,ph,1513644315,100,7.747654695929103,116.45969823350383,80.12,18.32
gonen,75,tr,1513641000,93,40.407990494296996,27.942115635351715,44.6,3.36
aswan,0,eg,1513644316,83,23.30124609355969,34.317242747828516,56.49,6.58
beidao,0,cn,1513644317,65,35.54926898384328,105.62666248620309,9.56,2.82
vyazemskiy,24,ru,1513644317,53,46.91353006518053,135.15414705854883,-10.47,6.91
susangerd,0,ir,1513641600,58,31.653742374495078,47.33469565144391,53.6,4.7
longyearbyen,75,sj,1513641000,79,89.89489030258703,30.339550898371556,24.8,6.93
adamovka,0,ru,1513644319,28,51.33679572081061,60.32712818720968,-19.25,3.0
sorong,92,id,1513644319,100,0.20711036431202645,129.84653194413966,77.46,2.55
amalapuram,0,in,1513644320,83,13.784883382294797,83.84269135186068,69.45,8.93
shenjiamen,0,cn,1513644320,100,31.53960044179207,124.16633148353534,47.85,18.1
shingu,75,jp,1513641600,57,22.615099309264775,140.30878264270112,48.2,9.17
kpalime,32,tg,1513644322,91,6.906910949009374,0.8144782623260993,74.76,6.58
huainan,0,cn,1513644322,88,32.71303603986847,116.75791191575938,22.74,3.6
garwa,12,in,1513644323,80,24.178749009376354,83.87533100805514,45.92,3.11
askarovo,0,ru,1513641600,76,53.41370616173995,58.64121724730352,-5.81,6.71
dalbandin,92,pk,1513644324,84,28.400447544207328,63.39215872645059,47.99,3.0
hirara,75,jp,1513642080,88,21.06313380003231,128.4353403319405,64.4,24.16
awjilah,68,ly,1513644326,94,27.63378709649273,19.436726679458317,54.69,6.85
waddan,92,ly,1513644326,97,27.55208727412945,17.430593518864214,50.73,5.28
kysyl-syr,76,ru,1513644327,44,64.14858871846339,124.16490931501119,-28.25,3.04
bontang,36,id,1513644328,97,0.8007982380280221,117.84347451212635,82.19,11.27
pingshan,24,cn,1513644328,100,23.072881215921644,114.70195676555653,47.4,18.7
gorin,12,ru,1513644329,37,51.26551091108879,136.8721352929793,-25.05,2.55
muscat,0,om,1513641000,93,23.732496959118944,58.50811414771049,62.6,3.36
suoyarvi,88,ru,1513644329,88,61.66816944984276,32.17816957311656,28.91,7.4
aizkraukle,32,lv,1513644330,91,56.81892107988959,25.26593665270151,22.65,2.59
aksehir,12,tr,1513644331,96,38.42757825450369,31.583836461546838,42.54,6.58
genhe,0,cn,1513644332,43,50.33896870465877,122.15235944406598,-29.37,3.83
dhariwal,40,in,1513641600,87,31.92684380949524,75.37298547200947,48.2,2.71
xining,0,cn,1513644172,67,35.164159987602986,97.59207349776528,-7.05,5.23
murgab,5,tm,1513641600,92,38.34468152174681,62.43843432605647,26.6,2.89
den helder,90,nl,1513643100,100,55.12601526778075,3.167652915947652,46.4,5.82
wattegama,80,lk,1513644334,78,2.8973846657236777,88.02544440583647,76.92,5.79
dongsheng,0,cn,1513644335,53,42.52411843733267,108.9646081905427,-2.46,7.85
iskateley,80,ru,1513644335,91,70.36344952003537,56.63394399311898,25.62,17.92
tonekabon,0,ir,1513641600,87,36.42147172090595,51.0008980220674,44.6,2.04
lipova,0,ro,1513643400,90,46.024414677682095,21.730479283365646,32.0,6.93
kaduy,76,ru,1513644337,90,59.54828179802151,37.16223231876294,22.74,3.0
wagar,0,sd,1513644338,67,15.71787514416965,35.84699871244781,68.01,10.87
kholmogory,90,ru,1513641600,86,63.59388214263259,41.37319052275989,28.4,6.71
tibati,0,cm,1513644339,50,5.588671804571001,12.444106277314477,64.82,3.78
gazli,44,uz,1513644340,65,41.54704619874742,63.7569776743946,21.75,7.36
aleksandrovsk-sakhalinskiy,36,ru,1513644340,100,50.93532208381936,141.90052268467235,-2.91,7.58
kazanskaya,92,ru,1513644341,99,49.555792199936356,40.915351859383044,43.8,2.59
idrinskoye,48,ru,1513644341,64,54.921416075903096,92.56536048700752,-0.48,2.59
kodinsk,92,ru,1513644342,80,60.701207842626815,99.10448858451026,15.27,7.36
manado,20,id,1513643400,66,2.287681629029664,124.34861208542435,89.6,3.36
rafraf,20,tn,1513643400,81,37.17674090972697,10.215004729712016,46.4,4.7
labuan,75,my,1513641600,100,6.213220112589351,114.37531159796016,78.8,3.36
hovd,0,mn,1513644343,47,44.06380256464049,102.02687749868828,-18.75,2.55
komsomolskiy,92,ru,1513644344,95,66.15444151655345,171.5079877848986,47.72,15.64
kudahuvadhoo,68,mv,1513644344,100,2.4128054953568787,70.62232085162015,80.97,14.07
sa kaeo,0,th,1513644345,50,14.060192757808847,102.23936384648623,59.1,18.03
esso,36,ru,1513644345,72,56.757106584091346,157.11279866608947,3.3,8.81
monopoli,40,it,1513642800,97,41.45822228579565,17.698238284476567,41.0,10.29
malaya vishera,76,ru,1513644346,91,58.937673461985135,32.54939474926486,21.71,2.71
turek,76,pl,1513644347,91,52.004605989699,18.538075456421893,26.52,5.84
petropavlovsk-kamchatskiy,0,ru,1513641600,61,48.57509945714715,163.71499804456909,14.0,8.95
liliani,44,pk,1513644348,82,32.34314857596069,73.13011667540655,42.32,0.47
darnah,68,ly,1513644349,100,33.46868371510325,23.489734299315177,63.02,12.39
lengshuitan,0,cn,1513644350,74,26.074652112107238,111.39294842644176,32.42,7.36
itoman,90,jp,1513641600,72,25.914522665908418,126.97825582183181,62.6,10.29
netrakona,0,bd,1513644352,86,25.35457960122174,90.80877654934433,52.17,3.0
leshukonskoye,80,ru,1513644353,78,63.47776916798254,46.36996182241697,25.22,7.07
vostok,32,ru,1513644353,53,47.99165287091707,149.46128404855648,-11.55,4.79
burgeo,80,ca,1513644354,100,46.05518057092191,-58.26298691454512,30.3,11.65
estelle,75,us,1513642500,100,28.419148154888425,-89.38090527849461,68.0,5.06
glendive,90,us,1513642500,80,47.70333705482719,-104.76192269956829,33.8,16.11
saint-augustin,44,ca,1513644356,100,50.36917377940902,-60.754373672278646,10.05,13.56
lagoa,88,pt,1513644356,96,43.457538532206584,-31.35582880538674,66.84,29.77
burns lake,0,ca,1513644357,66,52.270146114021614,-125.24819493379042,24.36,4.23
nueva guinea,100,ni,1513644358,97,11.601676169261403,-84.38326394694847,73.68,6.51
marsh harbour,24,bs,1513644143,100,29.05407403391224,-76.6627837975608,74.72,11.27
haines junction,56,ca,1513644358,81,61.74495049945191,-139.55800952277923,3.39,1.99
fresno,1,us,1513641360,25,36.749127588857995,-119.71731256235984,62.6,2.21
bahia honda,64,cu,1513644359,83,24.57662779600747,-84.69587199971517,75.89,6.06
dryden,90,ca,1513641600,92,50.677231569830184,-92.95568758672705,30.2,12.75
aberdeen,1,us,1513641180,69,45.528672342840615,-98.93616211565266,35.6,9.17
ballina,88,ie,1513644360,97,56.340221227493345,-11.496445678355014,49.02,12.55
saint-francois,0,gp,1513641600,78,18.047223563857692,-58.263964655849,77.0,3.36
cockburn town,92,bs,1513644361,100,28.899430310230354,-71.10258956074982,76.11,16.58
fort smith,40,us,1513642500,76,35.26573067574904,-94.27867733606652,48.2,4.7
sisimiut,80,gl,1513644362,100,65.18486527531238,-58.520621352716105,15.54,3.04
dakar,20,sn,1513641600,88,15.241230146931299,-20.110439072331623,68.0,9.17
praxedis guerrero,75,mx,1513641480,71,31.0205137305372,-106.12418194856511,55.4,4.0
rabo de peixe,75,pt,1513643400,82,46.484723486839705,-20.717105555618975,64.4,16.11
redcar,0,gb,1513642800,81,55.19953667574568,-0.3885262847125137,42.8,9.17
plover,1,us,1513642500,100,44.50584231958759,-89.52023328421411,32.0,6.93
praia,40,cv,1513641600,69,10.90778703602848,-22.87365696118142,75.2,17.22
alma,90,us,1513642680,80,43.30522697457794,-84.70705062264994,39.2,10.29
springfield,1,us,1513641120,87,27.674215056989528,-85.67950294519886,42.8,8.05
buchanan,20,lr,1513643400,94,4.67214358662729,-10.93198449567549,78.8,8.81
norman wells,20,ca,1513641600,74,73.78188004809684,-123.49266169575236,-25.61,4.34
coos bay,90,us,1513643100,93,42.18076510192995,-125.22435632743156,50.0,5.82
wasilla,75,us,1513643820,92,63.252930585341176,-149.85598830876077,23.0,3.36
nome,90,us,1513641180,100,69.28806544106003,-162.50135710615714,28.4,34.45
galveston,90,us,1513643340,100,28.344066422348956,-93.68601690821521,64.4,11.41
mazagao,75,br,1513641600,100,0.35000021839383777,-53.0652366856464,77.0,3.36
teguise,0,es,1513643400,82,30.538180714840244,-12.751716887861136,59.0,9.17
boa vista,0,br,1513641600,55,0.4363774197281989,-60.39162890296959,86.0,8.05
dire,0,ml,1513644372,61,13.009335975919658,-11.234940627342752,65.09,4.12
watertown,90,us,1513643220,74,45.493987065951984,-97.21861748447998,37.4,1.77
ketchikan,90,us,1513641360,93,48.50733112066553,-136.45145294104668,37.4,3.36
ucluelet,90,ca,1513641600,93,46.2911850327292,-128.11692723655477,42.8,3.36
fort nelson,90,ca,1513641600,85,62.986356215821125,-121.9606774404796,12.2,5.82
montemor-o-novo,0,pt,1513641600,78,38.660443420291855,-8.293314383955321,44.6,2.24
college,90,us,1513643700,92,75.80974232115058,-145.74001411293207,21.2,3.11
maturin,24,ve,1513644338,64,10.030382456765269,-63.46122787500542,81.33,8.25
safford,40,us,1513641060,62,32.758740247537766,-110.26269499268666,53.6,2.48
wahiawa,20,us,1513641360,65,24.6139240744304,-157.32442131425495,80.6,5.82
pacific grove,1,us,1513641300,24,30.27502283324792,-131.17644984431874,68.0,8.05
magnolia,90,us,1513643700,87,33.107223672762814,-93.68326058007214,55.4,2.37
medina,0,co,1513644379,60,4.5784952170676085,-73.18998769741577,68.64,1.77
hearst,80,ca,1513644379,82,50.491673036558836,-84.64750564016876,29.76,10.04
westport,92,ie,1513644378,97,53.58309106042729,-9.621597592346946,51.32,14.63
digby,80,ca,1513644380,100,44.15032606049329,-65.76859119557982,30.3,10.16
praia da vitoria,75,pt,1513641600,88,42.08219076260793,-24.04376907472256,66.2,27.42
lahaina,75,us,1513641360,65,19.86482691797558,-157.62092311284377,80.6,4.83
anchorage,75,us,1513643820,92,63.24361621670716,-151.43784687372712,23.0,3.36
pittsfield,90,us,1513641360,91,42.387045859564445,-73.18099564435575,35.6,2.82
san sebastian,0,sv,1513641000,62,13.779627948214339,-88.73555800024364,84.2,5.82
aguililla,20,mx,1513644384,44,18.70958216106487,-102.79754922042409,78.99,1.36
puerto carreno,0,co,1513641600,62,5.612614595353405,-65.3784715315524,84.2,10.29
flagstaff,1,us,1513643700,21,35.80202436599782,-111.71187678780078,51.8,5.82
cocorit,20,mx,1513640700,33,28.032072896817972,-110.07744749948841,71.6,4.7
smithers,40,ca,1513641600,100,55.47378171254415,-127.95363509000704,19.4,3.36
clarence town,68,bs,1513644387,100,23.347651950140545,-74.46215956160775,77.1,16.58
santa cruz,0,cr,1513641600,61,7.647985742473474,-90.77646934838977,82.4,6.93
manta,75,ec,1513641600,83,1.1495225567303402,-84.81357716853871,77.0,6.93
okmulgee,1,us,1513642500,81,35.72184516484836,-95.88341043040893,51.8,4.7
la cruz,80,mx,1513644388,82,23.364014655045022,-107.31605330112384,71.07,1.99
kewanee,1,us,1513641360,81,41.1630910524979,-89.77793167313612,46.4,6.93
colares,0,pt,1513643400,57,39.18748988843751,-14.717425483732038,51.8,8.05
ponta delgada,75,pt,1513643400,82,32.78387942879859,-27.22346898534119,64.4,16.11
inuvik,90,ca,1513641600,75,67.4657915990769,-133.71912954665447,-9.41,3.36
elizabeth city,1,us,1513642800,81,34.99623065383234,-73.2773400356176,51.8,6.8
claremorris,88,ie,1513644134,97,53.71341779468841,-8.939640365131229,49.02,12.55
iqaluit,90,ca,1513643160,76,62.144448882169115,-65.88367028223186,-4.01,5.06
inirida,0,co,1513644392,80,3.3076331441496407,-67.6244809649309,79.26,2.26
key biscayne,75,us,1513641360,83,25.198420477387216,-79.87088202968842,75.2,5.82
prince rupert,75,ca,1513643880,93,51.02479056064598,-130.81599944010003,37.4,6.93
miles city,75,us,1513641180,75,46.25919243992577,-106.05015104620271,41.0,19.46
aljezur,0,pt,1513644394,100,37.22149190750337,-10.197916544856707,51.54,12.66
ixtapa,75,mx,1513641000,83,7.317030918588233,-107.24550879785693,78.8,8.05
saint-pierre,56,pm,1513644395,100,44.21079176201145,-55.56618606467133,32.46,12.1
pascagoula,90,us,1513643700,88,29.871157544522195,-88.28662720098859,68.0,1.99
koutiala,0,ml,1513644396,42,12.214142710553196,-5.581994211593284,69.81,8.86
venezuela,0,cu,1513644396,78,20.832158330937084,-79.13504527409567,78.18,14.34
beckley,90,us,1513642500,81,37.550559405066764,-81.43147615859321,50.0,3.22
mayo,90,ca,1513641600,84,64.45345524170699,-135.34946796777768,6.8,2.89
atar,68,mr,1513644398,49,19.495850685259363,-13.17451366499807,57.44,7.4
marysville,90,us,1513642500,87,43.27431797649232,-82.81747429065398,48.2,8.05
half moon bay,1,us,1513643700,47,29.94701426742066,-138.21621757922813,64.4,3.36
diofior,0,sn,1513641600,33,13.872044503575935,-16.902748169132963,73.4,6.93
ziniare,0,bf,1513641600,40,12.565774144723827,-1.155855514279951,69.8,3.04
athabasca,44,ca,1513644176,69,54.428801004228816,-113.36058434671345,25.26,13.44
lagos de moreno,75,mx,1513640760,27,21.422058293077797,-101.90986640617848,77.0,3.36
orchard homes,90,us,1513641180,65,46.88116860637321,-114.83686941219275,41.0,6.29
pedasi,0,pa,1513644401,92,7.569238870682979,-79.3382122000051,84.21,12.66
monrovia,20,lr,1513643400,94,2.8834689787895753,-13.432986124256159,78.8,11.54
havre-saint-pierre,90,ca,1513641600,92,54.66199318544273,-63.96949829384681,12.2,3.36
etchoropo,0,mx,1513644403,66,26.623403067815737,-110.38705116271338,68.87,7.14
waverly,90,us,1513642680,86,42.95586108094445,-92.67107109886464,41.0,5.82
douglas,75,us,1513641360,57,31.89691557156038,-83.12710332793509,50.0,0.69
hailey,40,us,1513640820,73,43.52774326520269,-113.3951987712336,32.0,5.82
stettler,0,ca,1513644406,59,51.949185640310326,-112.72173608631645,24.72,13.06
liverpool,80,ca,1513644406,100,42.04449282252037,-63.188046459933545,31.61,7.63
vestmannaeyjar,92,is,1513644407,100,62.152156166053736,-20.960141672264662,42.45,19.37
fairbanks,90,us,1513643700,92,73.73156086400351,-143.31881004610034,21.2,3.11
evanston,1,us,1513642500,80,42.0627868884395,-111.03555520566738,42.8,5.82
massena,90,us,1513642500,92,44.97515378538737,-74.99155208581821,19.4,3.36
puerto madero,5,mx,1513640520,78,12.452322594539172,-95.09170698934173,80.6,3.36
arrifes,75,pt,1513643400,82,38.20072580398317,-25.86400152282654,64.4,16.11
hurricane,1,us,1513641360,29,37.274847930096165,-113.29814222123032,50.0,1.25
akureyri,0,is,1513641600,70,64.4250740212943,-18.52242216737034,42.8,20.8
palmer,90,us,1513643340,86,57.675762915665125,-144.25542522759852,33.8,2.33
greenville,1,us,1513642200,93,40.098871820134015,-84.84192473807217,55.4,7.52
bournemouth,40,gb,1513641000,100,50.155121415383455,-1.939337793456759,32.0,1.12
empalme,20,mx,1513640880,68,28.02084678288667,-110.65852094596836,68.0,8.05
san quintin,0,mx,1513644413,59,30.06301522250801,-115.51747958749228,61.26,4.05
kapuskasing,90,ca,1513641600,86,49.237633688497844,-82.46878790172595,30.2,12.75
kitimat,90,ca,1513643820,88,52.1772630783128,-129.21002338468614,33.8,1.7
pullman,90,us,1513641360,81,46.85733708762273,-117.77946070709335,48.2,6.93
soto la marina,24,mx,1513644415,70,23.510551298776683,-98.34788469017596,76.61,9.37
dalvik,0,is,1513641600,70,66.58287114754205,-17.988749380783783,42.8,20.8
helena,1,us,1513641180,60,46.99518273385632,-112.48281934408273,42.8,12.75
pemberton,90,ca,1513641600,100,51.34737512380559,-123.18818298567423,33.8,1.7
pamplona,0,es,1513641600,70,42.71396939674593,-1.2296248340350302,48.2,23.04
cape girardeau,1,us,1513642500,87,37.54090671026393,-89.4852407818339,48.2,8.05
oistins,40,bb,1513641600,78,12.498515186399054,-54.92228049244196,80.6,17.22
senanga,24,zm,1513644419,86,-16.141421891757616,22.887484128668472,70.17,4.23
mwingi,92,ke,1513644420,98,-0.7691125279792665,38.79603851976138,63.6,4.23
sinazongwe,20,zm,1513644421,87,-17.59732799747742,28.023794488051458,74.49,2.04
broome,40,au,1513641600,66,-14.6337769837138,120.60093157834915,86.0,10.29
mombasa,40,ke,1513641600,88,-4.325833468883527,40.19355595869265,77.0,12.77
nelson bay,0,au,1513641600,46,-35.75410429551892,155.10062086803947,91.4,8.05
saint-joseph,0,re,1513641600,73,-29.466883369996033,55.359082508303125,77.0,6.93
luanda,75,ao,1513641600,88,-9.482324962614376,9.355066109070533,75.2,4.7
yulara,0,au,1513641600,66,-22.165107469599832,129.95164636642963,87.8,9.17
nampula,92,mz,1513644425,98,-14.957126207491582,37.92257998371093,68.1,5.28
samarinda,68,id,1513644426,82,-0.2046020067599097,117.32560213405725,80.43,2.89
belfast,24,za,1513644427,90,-25.279081030945942,30.04868608378733,60.45,5.61
ahipara,0,nz,1513644427,67,-35.3797089736606,166.43391524058006,71.97,11.54
maputo,8,mz,1513644428,96,-26.9547282891479,33.400567814400844,70.04,1.81
manokwari,20,id,1513644428,99,-1.0815186240654007,133.7523247181605,83.99,9.53
saint-leu,0,re,1513641600,73,-21.34411734998407,54.03632097742708,77.0,6.93
labuhan,92,id,1513644430,100,-20.906289768748874,94.1554621213411,81.6,17.81
metro,44,id,1513644203,100,-4.056198179695477,106.45387919771639,74.04,8.3
boyolangu,80,id,1513644432,100,-9.295540485703516,111.80506097665395,78.72,12.88
madang,20,pg,1513644432,94,-4.949428552912995,145.15456512395755,81.24,4.72
te anau,44,nz,1513644433,75,-36.84838626429237,162.71655247770403,55.82,11.32
grand gaube,75,mu,1513641600,78,-14.13158604300772,60.72691180017723,77.0,13.78
inhambane,0,mz,1513644435,100,-27.5103272136271,38.50056871882488,73.14,9.31
bambanglipuro,64,id,1513644436,99,-13.910275277212186,109.9733118915976,75.89,4.27
kokstad,92,za,1513644438,100,-30.006696216384345,29.27161767800448,54.87,2.82
chinsali,92,zm,1513644438,100,-10.755107588760534,32.11805108797481,62.16,2.77
beloha,0,mg,1513644439,92,-25.935468780525788,44.317152103973,71.16,2.82
hokitika,92,nz,1513644440,100,-40.50568213098612,167.3805160635523,58.79,15.3
lumeje,92,ao,1513644441,100,-12.62199813893892,21.57477101907765,65.85,3.83
gold coast,0,au,1513641600,58,-28.001373751748037,154.46285214944027,82.4,17.22
kiunga,12,pg,1513644442,82,-4.453410353651185,139.84742383239575,83.99,3.04
kasempa,56,zm,1513644443,98,-13.244143880110709,25.65304302757016,63.02,4.05
southbridge,88,nz,1513643400,32,-44.163109874878145,172.030899337676,69.8,16.11
malanje,80,ao,1513644445,95,-8.952097916642257,15.988075783118106,67.74,4.56
matongo,0,tz,1513644445,86,-2.4372539770493598,34.051100032131174,58.92,4.61
tolaga bay,12,nz,1513644446,70,-39.33520389855157,179.36347893078903,70.8,5.57
lucapa,92,ao,1513644447,99,-7.823635720564801,19.405632408502974,67.29,3.38
launceston,40,au,1513641600,68,-40.50637488472275,147.49234551971907,68.0,5.82
bukama,92,cd,1513644448,100,-9.352464497015736,25.759471318901635,68.19,4.27
northam,0,au,1513641600,63,-31.620985074774126,119.28413644956403,64.4,12.75
nosy varika,44,mg,1513644449,100,-21.46596017551773,51.2336636234748,75.48,5.28
ayr,56,au,1513644449,88,-17.866810199531493,148.3199147034239,80.12,8.52
huambo,80,ao,1513644450,95,-13.506080388457113,16.52900189272323,62.88,2.71
singaraja,20,id,1513641600,78,-7.425754815270569,115.95533182950373,82.4,17.22
mahajanga,40,mg,1513641600,83,-16.071779171783692,44.18463875945268,80.6,6.93
voi,92,ke,1513644452,98,-3.435760903388089,38.855348887069624,66.66,3.78
waipawa,32,nz,1513643400,49,-41.68334201758636,175.40154806878184,68.0,29.97
ruteng,56,id,1513644307,97,-7.977323211854362,121.0159294613229,75.39,2.89
banjar,20,id,1513641600,78,-10.092906755439511,106.76043580953157,82.4,17.22
mzimba,92,mw,1513644456,93,-11.765870942548718,33.63940151230981,66.03,4.12
kabalo,80,cd,1513644456,98,-5.780673245838274,27.278937722156112,71.61,4.12
tanga,64,tz,1513644457,83,-5.155672284909491,39.35553282783818,77.28,9.75
koumac,24,nc,1513644457,66,-23.989315642416056,160.71418293624245,82.59,6.62
pangkalanbuun,76,id,1513644458,95,-4.659615806825139,112.40677154782566,75.75,3.89
ambon,20,id,1513641600,70,-3.27214239993036,128.41557332444856,87.8,3.36
daru,0,pg,1513644459,86,-8.727652980672321,143.4505594036611,84.62,5.01
maumere,88,id,1513644460,100,-7.568541167718717,122.95819262733501,79.26,5.12
lambarene,100,ga,1513644460,99,-0.5928251984475252,9.89128023624396,74.99,1.77
angoram,40,pg,1513641600,70,-3.037522872384102,144.9489962160982,87.8,8.05
uige,92,ao,1513644462,96,-7.692049955874859,14.10077825668878,68.64,2.59
salazie,0,re,1513641600,65,-21.035144258082205,55.6125436789464,77.0,10.29
kawalu,92,id,1513644465,94,-13.232972551795902,106.53515652949137,67.29,2.48
quatre cocos,75,mu,1513641600,78,-15.915154695964254,66.42000790768657,77.0,7.63
kinango,40,ke,1513641600,88,-3.8596544763937715,39.021331372654274,77.0,12.77
roma,0,au,1513644467,47,-26.173528694181076,149.47611331164802,85.38,11.1
shakawe,44,bw,1513644467,86,-17.44053868780372,21.651107257153512,68.28,5.5
knysna,0,za,1513641600,100,-38.537331138784786,22.599816673435708,53.6,4.7
zomba,88,mw,1513644469,99,-15.363348876724027,35.53092212860351,68.42,6.73
dedza,80,mw,1513644470,100,-14.897214146709686,33.975655877602684,63.56,2.82
bururi,92,bi,1513644470,100,-4.055417245428754,29.5695517033908,68.69,2.82
kibaya,48,tz,1513644473,84,-5.2727642042105485,36.567116524806735,62.21,8.14
siteki,64,sz,1513644473,86,-26.536168706282155,32.241565327845244,70.08,3.04
moree,12,au,1513644344,47,-28.495921715444084,148.29212898521396,86.24,12.88
port hedland,0,au,1513641600,62,-22.45575833100227,119.88908082275331,86.0,9.17
plettenberg bay,0,za,1513644475,100,-42.26161340092516,23.073660003558064,59.51,2.33
port augusta,0,au,1513641600,36,-29.264370900619316,136.4196693715395,80.6,6.93
cairns,40,au,1513641600,52,-13.385624525104639,145.29381538798486,87.8,9.17
middelburg,44,za,1513644477,66,-31.410589171409097,24.92727528797135,65.49,8.03
ndjole,56,ga,1513644478,96,-0.14827398570064765,10.385602693684648,73.64,2.55
vao,92,nc,1513644478,100,-22.948168529151502,169.6077551115949,74.99,13.29
calvinia,0,za,1513644479,62,-31.71258927066707,20.01443331417778,57.84,7.81
coolum beach,20,au,1513644481,82,-26.414126371753543,153.40498758235503,78.36,2.59
komatipoort,0,za,1513644481,93,-25.05391437713167,31.916276920993592,68.51,3.6
cootamundra,24,au,1513644481,68,-34.37620027295564,147.83698749723413,85.2,13.78
tsumeb,44,na,1513644482,94,-18.198210554396454,17.962095228585444,66.3,2.89
mayumba,92,ga,1513644483,100,-4.306591471919964,8.929595259394459,77.19,4.5
wanaka,64,nz,1513644483,53,-43.28602504239577,167.96159888714408,58.16,9.15
empangeni,92,za,1513644484,100,-28.80742878893368,31.775220916795746,69.18,11.43
kyabram,92,au,1513644485,67,-36.431407848207435,144.91547489708583,83.54,8.86
cooma,8,au,1513644486,68,-36.67940176788881,148.54906180665435,80.43,9.42
lubumbashi,92,cd,1513644486,100,-11.291863543776085,27.924499328704048,63.47,2.55
inongo,48,cd,1513644487,100,-1.0432109817185142,17.744050976324118,72.47,2.48
narok,0,ke,1513644487,86,-1.4092581835860984,35.68104432454469,54.96,4.38
montepuez,92,mz,1513644488,97,-13.086168178996667,37.316295190836655,68.42,5.35
lusambo,80,cd,1513644488,95,-4.293605184818316,22.557961368603877,72.29,1.77
lukulu,32,zm,1513644489,97,-14.407120241311716,23.617318496102953,65.54,4.27
dondo,44,mz,1513644490,86,-18.586244053077326,35.32313039762831,79.17,5.39
innisfail,76,au,1513644490,79,-15.867488828057674,150.1565784084451,76.61,3.22
arandis,0,na,1513644491,90,-22.62694018706269,15.007729125321752,57.57,2.04
kendari,80,id,1513644493,88,-4.071605110419643,122.51451430577804,77.1,8.81
sokoni,20,tz,1513641600,88,-6.766841253386863,41.97817297326612,82.4,5.82
ambovombe,0,mg,1513644494,92,-26.838168691796575,46.74106363214707,73.37,5.06
molteno,92,za,1513644495,96,-31.40950240319281,25.771968233994606,51.14,5.57
pouebo,24,nc,1513644495,66,-20.269829223776625,164.8055842721219,82.59,6.62
mwaro,76,bi,1513644496,91,-3.526571009560863,29.64153146332173,54.06,2.77
kitui,92,ke,1513644496,98,-1.2256575773338763,38.40074191265284,63.6,4.23
burnie,92,au,1513644497,94,-43.217718337549066,142.3643109718143,64.64,19.55
kasangulu,75,cd,1513641600,83,-4.923468038385256,15.733096545216814,78.8,4.7
omboue,64,ga,1513644498,100,-6.320713655936253,0.05108536376465134,78.27,3.11
karibib,0,na,1513644498,82,-21.70255457047214,15.94165959623199,59.51,2.04
gobabis,92,na,1513641600,77,-21.477273019842087,19.41820114017497,69.8,2.24
chimoio,75,mz,1513641600,88,-17.75008956235246,33.88388068028737,73.4,6.93
honiara,76,sb,1513644269,89,-11.049445752560255,159.56579714142524,81.11,2.37
oranjemund,0,na,1513644502,95,-33.441069871966,9.283941733408138,61.76,25.86
chake chake,64,tz,1513644503,98,-6.236946418691883,42.09982776508891,80.21,15.79
moanda,88,ga,1513644503,98,-1.78354594180957,13.69671292035325,70.26,0.76
swan hill,100,au,1513644505,39,-36.14480286874205,143.3690012357208,88.98,10.42
pontianak,20,id,1513641600,88,-1.8560020847131709,109.89568814644522,77.0,6.91
sakaraha,8,mg,1513644507,96,-23.33980931221036,45.19946869265387,65.27,1.7
nabire,8,id,1513644508,83,-4.190873911432881,133.88779793518137,76.56,2.33
xai-xai,0,mz,1513644509,100,-25.961121153997677,34.922631325758836,73.19,10.04
kasane,36,bw,1513644509,45,-18.02424515989591,24.860002341315493,76.52,5.91
charters towers,0,au,1513644510,72,-20.183498467988983,144.23509494004824,81.06,6.35
umkomaas,92,za,1513644511,98,-30.264293103066873,31.07018362185469,62.34,8.03
kandrian,0,pg,1513644513,68,-5.79465207561741,148.9690876867679,87.77,6.73
camapua,24,br,1513644514,94,-19.71164554295949,-53.748947134124684,74.27,1.7
constitucion,0,cl,1513644320,89,-33.624657799787556,-75.5856737021715,57.66,12.28
pangoa,48,pe,1513644515,99,-11.764096683390763,-72.18453388143647,68.19,1.54
talara,8,pe,1513644516,69,-4.19639460817095,-85.8510299242805,73.5,9.75
luis correia,48,br,1513644517,66,-2.1449798098430373,-41.42759120687487,82.19,17.43
senador pompeu,44,br,1513644518,49,-5.756232311191283,-39.270779007119465,80.52,9.93
itapirapua,56,br,1513644519,96,-15.357667742982255,-51.24295596874497,69.86,1.7
sao luiz gonzaga,0,br,1513644519,50,-28.19015566932425,-55.13172179059497,79.76,11.77
pauini,68,br,1513644520,88,-7.023410244977515,-66.26686956045776,80.16,1.59
linhares,0,br,1513644520,88,-20.152637975396658,-36.95516869288759,72.33,5.84
sechura,0,pe,1513644521,76,-7.903908268140324,-84.01707489843724,72.15,13.78
maceio,0,br,1513641600,83,-17.45872989814113,-27.961126584363736,75.2,4.7
puerto madryn,0,ar,1513644522,53,-41.611195771347575,-65.0826252812712,67.38,8.03
coari,76,br,1513644523,100,-3.9574028334660083,-63.36628785649572,73.77,8.25
puerto leguizamo,24,co,1513644523,45,-0.5840331230717444,-74.01846750276621,86.37,2.89
pinheiro machado,32,br,1513644525,63,-31.855146844359698,-53.16795857254225,64.23,13.85
jatai,56,br,1513644525,92,-17.531692395083358,-51.770559062282516,69.63,8.59
presidencia roque saenz pena,32,ar,1513644525,75,-24.905287444415627,-61.60187062415663,78.99,9.04
camiri,8,bo,1513644297,79,-20.262429633044878,-63.715339179052904,68.69,3.49
trelew,0,ar,1513644527,30,-44.29660154550541,-66.09612507135449,70.8,6.91
chimbote,0,pe,1513644528,87,-9.638592730150103,-79.32173055670233,66.57,7.29
santo antonio do ica,24,br,1513644529,94,-2.87569393476518,-68.09747687058034,76.29,1.99
venancio aires,100,br,1513644531,81,-29.42393067350747,-52.31906602693385,65.76,6.85
ilave,8,pe,1513644532,67,-16.647601939244385,-70.14144538727558,49.83,9.37
taltal,36,cl,1513644533,65,-24.591712864908743,-77.01265966349825,66.71,2.48
palmeiras de goias,48,br,1513644533,83,-16.84467735445758,-49.91039248622487,72.87,1.99
pimenta bueno,80,br,1513644534,95,-10.814151470498775,-59.981594507657604,74.31,2.04
itacarambi,56,br,1513644535,74,-15.004193695723064,-44.046950648587554,75.48,7.29
young,0,uy,1513644535,55,-32.67186482599141,-57.210768480505884,67.34,8.08
huayucachi,88,pe,1513644536,94,-12.200962447766692,-75.3498066844169,43.98,1.81
jose de freitas,0,br,1513641600,66,-4.485211727352266,-42.61450480059922,84.2,2.24
cerrito,0,py,1513644538,78,-27.26839367790245,-57.89781978604251,76.92,8.14
presidente dutra,92,br,1513644539,89,-5.047422170412589,-44.53824147619587,75.12,2.71
paramirim,80,br,1513644540,75,-13.344103772481708,-42.11477236796896,71.43,7.63
vaitape,44,pf,1513644540,100,-17.556610889580785,-153.42954764023875,82.37,9.04
humaita,80,br,1513644541,100,-6.703739871669269,-63.13243679461578,72.6,0.58
neuquen,0,ar,1513641600,51,-39.06305753349253,-69.60683354151487,80.6,3.36
porto nacional,20,br,1513641600,83,-10.544009431729348,-47.74927398415033,77.0,2.24
natal,20,br,1513641600,74,-3.683593201318663,-28.281964579236867,80.6,12.75
conceicao do araguaia,92,br,1513644543,97,-8.533159413130262,-49.63778069439039,74.4,3.22
auriflama,32,br,1513644543,64,-20.597298037236982,-50.55526233790736,80.07,9.26
pimentel,0,pe,1513641600,77,-9.822998292119188,-84.66888578371412,69.8,20.8
ladario,24,br,1513644545,96,-18.706078316409833,-57.56079662172299,74.81,2.26
guayaramerin,48,bo,1513644546,98,-9.234191199442481,-65.43277943383949,75.48,1.7
bermejo,80,bo,1513644547,83,-22.49240581427534,-64.15742356173646,68.28,2.21
malacacheta,76,br,1513644547,90,-17.711408070770496,-41.973926734570256,71.43,7.4
assare,92,br,1513644548,44,-6.476744309648365,-40.16289857989551,82.5,5.91
villarrica,0,cl,1513644388,76,-39.249955831060696,-71.77629659494406,57.12,2.26
pontes e lacerda,8,br,1513644550,85,-15.162098202655446,-59.74807085484485,75.17,5.35
huancavelica,92,pe,1513644551,100,-12.921177187588457,-75.38390268242824,41.87,2.55
anori,92,br,1513644551,93,-4.199766272769837,-61.5100661687826,73.91,7.81
mapiri,64,bo,1513644552,97,-14.353962354545247,-68.74939952916624,63.24,1.21
tevaitoa,8,pf,1513644552,100,-19.44916134574746,-153.74873097740402,82.64,8.52
tucurui,92,br,1513644431,96,-4.462682088684769,-49.86083452682309,74.27,1.21
pocoes,40,br,1513641600,88,-14.755841693680724,-40.40801515756697,69.8,6.93
sao paulo de olivenca,64,br,1513644554,98,-2.818130178728393,-69.64322017228604,74.36,4.0
riachao do jacuipe,92,br,1513644555,74,-11.818294304871706,-39.19427510761492,76.47,7.29
guiratinga,56,br,1513644555,90,-16.427879667910897,-53.92674065549518,72.78,1.32
villa constitucion,0,ar,1513641600,43,-33.035816064303575,-60.15283219442323,69.8,5.82
la paz,75,bo,1513641600,61,-16.63075241042471,-67.9852911059372,48.2,9.17
reconquista,20,ar,1513644558,60,-28.533179233832982,-60.560814853722235,76.34,11.32
zorritos,90,pe,1513641600,83,-3.4918052328045333,-81.1735442987772,75.2,4.7
haapiti,20,pf,1513643400,66,-18.05101933247925,-150.8316111589963,87.8,12.75
juquia,88,br,1513644559,100,-24.147709385146893,-47.693182821288424,74.94,8.14
barra dos coqueiros,20,br,1513641600,78,-11.680979345173416,-36.25817975099307,78.8,10.29
borba,92,br,1513644556,99,-5.187363057922793,-58.922093916835905,74.22,2.04
sao jose da coroa grande,64,br,1513644562,83,-13.458873931470368,-24.553589185992017,77.42,7.74
vera cruz,92,br,1513644562,83,-12.678228128036494,-41.06808794976619,73.23,8.75
illapel,88,cl,1513644563,73,-31.6085218122076,-71.52874359745176,65.99,3.6
san pedro de ycuamandiyu,24,py,1513644545,83,-24.092125745869346,-57.78193186083539,78.72,2.37
monte alegre,56,br,1513644564,95,-2.004716290630728,-53.97769428566797,74.85,2.55
poco verde,20,br,1513644564,69,-10.771200282140661,-38.32252255583768,75.48,10.27
sao miguel do araguaia,20,br,1513644566,80,-12.610377651664377,-52.105189176927084,78.14,5.57
campestre,32,br,1513644566,95,-21.552187581714158,-46.16429078979957,65.49,3.83
itaituba,92,br,1513644567,87,-5.319888222931249,-56.23543517794536,78.41,1.7
san carlos de bariloche,0,ar,1513641600,45,-41.65083629455369,-71.60882690077895,62.6,20.8
puerto narino,75,co,1513641600,94,-4.426612159383843,-70.88366956544087,77.0,4.12
canarana,76,br,1513644570,70,-11.879216742846634,-41.8700790321025,73.59,10.94
tonantins,24,br,1513644570,94,-2.6981638478429426,-68.08717538871102,76.29,1.99
caranavi,48,bo,1513644573,93,-15.78754263323619,-67.45305237144876,67.56,1.25
oriximina,92,br,1513644574,100,-0.2196645939035058,-56.91285851041588,72.69,2.82
cordoba,0,ar,1513641600,42,-31.655338774122168,-64.11361475334677,68.0,10.29
laje,88,br,1513644575,59,-10.353692422942402,-41.702008346878486,78.32,11.77
la oroya,92,pe,1513644576,96,-11.732772588581371,-75.83562230774986,40.34,2.33
bell ville,68,ar,1513644300,45,-33.00132285213028,-62.90135727917765,69.45,10.6
colomi,90,bo,1513641600,72,-17.427301234447874,-65.9337955485845,60.8,4.7
huaral,20,pe,1513644579,79,-11.408955123253454,-77.24491568220023,66.66,5.23
gualaquiza,56,ec,1513644579,93,-3.0916852581027374,-78.39159547614098,65.49,0.69
placido de castro,64,br,1513644580,92,-11.072221543703925,-67.57500661689487,77.1,2.21
carauari,64,br,1513644580,95,-5.850695981863536,-66.76436123896573,76.79,3.78
paita,8,pe,1513644582,69,-5.06971526172774,-81.61836339998803,73.5,9.75
teahupoo,20,pf,1513643400,66,-19.824963067229888,-149.28951460590972,87.8,12.75
desaguadero,20,pe,1513644584,38,-17.085745303167737,-68.76944459618305,52.94,7.58
manhumirim,8,br,1513644585,69,-20.34230372964008,-41.853944513879476,69.18,3.38
conceicao das alagoas,0,br,1513641600,69,-19.765367587960597,-48.58656811775621,75.2,3.36
buritis,32,br,1513644586,68,-15.500957112527338,-46.48321005187771,74.31,4.9
encantado,24,br,1513644586,80,-29.137291379223413,-52.11913323216793,66.17,5.28
copiapo,0,cl,1513641600,68,-26.85156094037117,-73.64771758861363,64.4,8.05
general roca,0,ar,1513641600,51,-39.449122234190135,-67.7448713064147,80.6,3.36
iquitos,75,pe,1513641600,78,-2.0203954775996125,-72.4875788942982,82.4,2.77
salinopolis,88,br,1513644590,100,-0.06515857398456948,-47.20403051348021,79.49,14.34
mancio lima,75,br,1513641600,83,-6.922684056843883,-73.01362436143265,78.8,2.55
porto velho,40,br,1513641600,94,-9.00299674827225,-64.71164533569414,77.0,2.24
seabra,92,br,1513644592,80,-12.416700265456166,-41.87446270151303,69.81,12.17
boa esperanca,80,br,1513644593,98,-20.858819404050536,-45.55966877513168,65.4,5.01
brasilia,0,br,1513641600,77,-15.85123794832597,-48.07058077752398,68.0,3.33
lazaro cardenas,0,mx,1513644504,77,-1.3990619925495862,-112.12165310442927,82.01,5.5
san cosme y damian,0,py,1513641600,61,-27.383961198365398,-56.49531991827348,82.4,4.7
grand-lahou,48,ci,1513644595,85,-0.16509202269313739,-4.164311849608538,78.18,6.91
sao paulo do potengi,20,br,1513641600,74,-5.824876051163747,-35.82092960912911,80.6,12.75
santiago del estero,92,ar,1513644598,57,-26.433737114813912,-63.51983718816893,79.22,8.93
vilcun,0,cl,1513644598,72,-38.26046674785088,-71.20353982094588,55.5,3.38
belmonte,20,br,1513641600,88,-17.443945338126305,-30.939650442702707,77.0,9.17
sao francisco de paula,56,br,1513644600,94,-29.162318756597237,-50.35134632856035,61.08,6.4
santana do livramento,24,br,1513644601,56,-30.69045864920617,-55.33892153340614,72.11,12.84
bom despacho,68,br,1513644500,75,-19.846797355742382,-45.232177684034845,71.97,3.78
coruripe,64,br,1513644603,95,-10.068636520642654,-36.196271594100025,78.72,11.95
carangola,0,br,1513644605,73,-20.751949544093737,-41.97821625005593,73.5,4.9
sao felix do xingu,88,br,1513644607,97,-5.666107041483656,-51.77275022341737,71.52,1.81
puerto quijarro,44,bo,1513644608,99,-17.513492171193523,-57.03874297981222,72.69,1.54
nueva loja,12,ec,1513644608,48,-0.6953723204012763,-76.95294139268832,85.97,3.0
pangai,20,to,1513641600,69,-20.632223164612203,-174.26934346181366,82.4,11.41
itaqui,8,br,1513644611,60,-28.603607488814877,-56.848716477627086,76.16,12.66
brasilia de minas,0,br,1513644612,70,-16.41697705934783,-44.35062432962134,73.77,6.91
maracai,24,br,1513644613,73,-22.677534646382675,-50.94225601126327,77.01,10.42
